4,16
4,26
4,79
4,14
4,38
4,91
4,73
4,23
4,19
6,5
6,7
7,7
7,10
7,8
7,9
7,5
7,1
7,13
83,35
0,273
0,270
3,2
10,154
10,308
10,238
10,288
10,78
10,180
10,156
11,5
11,23
11,27
9,4
9,6
8,6
8,8
8,9
8,17
20,1
20,3
19,2
19,1
19,3
18,1
18,3
14,1
14,3
13,1
13,3
2,2
2,1
2,3
81,5
81,4
81,3
81,2
81,1
81,0
77,3
77,2
77,1
77,0
76,3
76,2
76,1
76,0
20,2
17,3
17,2
17,1
16,3
16,2
16,1
15,3
15,2
15,1
14,2
13,2
12,3
12,2
12,1
11,29
11,28
11,26
11,25
11,24
11,21
11,20
11,19
11,18
11,17
11,16
11,15
11,13
11,12
11,9
11,4
11,3
11,2
11,1
10,296
